#Dimensiones 95 90 128.937 185.039
 0.00 0.00 0.00 0.00 0.00 0.00 0.00 0.00 0.00 0.00 0.00 0.00 0.00 0.00 0.00 0.00 0.00 0.00 0.00 0.00 0.00 0.00 0.00 0.00 0.00 0.00 0.00 0.00 0.00 0.00 0.00 0.00 0.00 0.00 0.00 0.00 0.00 0.00 0.00 0.00 0.00 0.00 0.00 0.00 0.00 0.00 0.00 0.00 0.00 0.00 0.00 0.00 0.00 0.00 0.00 0.00 0.00 0.00 0.00 0.00 0.00 0.00 0.00 0.00 0.00 0.00 0.00 0.00 0.00 0.00 0.00 0.00 0.00 0.00 0.00 0.00 0.00 0.00 0.00 0.00 0.00 0.00 0.00 0.00 0.00 0.00 0.00 0.00 0.00 0.00 0.00 0.00 0.00 0.00 0.00
 0.00 0.00 0.00 0.00 0.00 0.00 0.00 0.00 0.00 0.00 0.00 0.00 0.00 0.00 0.00 0.00 0.00 0.00 0.00 0.00 0.00 0.00 0.00 0.00 0.00 0.00 0.00 0.00 0.00 0.00 0.00 0.00 0.00 0.00 0.00 0.00 0.00 0.00 0.00 0.00 0.00 0.00 0.00 0.00 0.00 0.00 0.00 0.00 0.00 0.00 0.00 0.00 0.00 0.00 0.00 0.00 0.00 0.00 0.00 0.00 0.00 0.00 0.00 0.00 0.00 0.00 0.00 0.00 0.00 0.00 0.00 0.00 0.00 0.00 0.00 0.00 0.00 0.00 0.00 0.00 0.00 0.00 0.00 0.00 0.00 0.00 0.00 0.00 0.00 0.00 0.00 0.00 0.00 0.00 0.00
 0.00 0.00 0.00 0.00 0.00 0.00 0.00 0.00 0.00 0.00 0.00 0.00 0.00 0.00 0.00 0.00 0.00 0.00 0.00 0.00 0.00 0.00 0.00 0.00 0.00 0.00 0.00 0.00 0.00 0.00 0.00 0.00 0.00 0.00 0.00 0.00 0.00 0.00 0.00 0.00 0.00 0.00 0.00 0.00 0.00 0.00 0.00 0.00 0.00 0.00 0.00 0.00 0.00 0.00 0.00 0.00 0.00 0.00 0.00 0.00 0.00 0.00 0.00 0.00 0.00 0.00 0.00 0.00 0.00 0.00 0.00 0.00 0.00 0.00 0.00 0.00 0.00 0.00 0.00 0.00 0.00 0.00 0.00 0.00 0.00 0.00 0.00 0.00 0.00 0.00 0.00 0.00 0.00 0.00 0.00
 0.00 0.00 0.00 0.00 0.00 0.00 0.00 0.00 0.00 0.00 0.00 0.00 0.00 0.00 0.00 0.00 0.00 0.00 0.00 0.00 0.00 0.00 0.00 0.00 0.00 0.00 0.00 0.00 0.00 0.00 0.00 0.00 0.00 0.00 0.00 0.00 0.00 0.00 0.00 0.00 0.00 0.00 0.00 0.00 0.00 0.00 0.00 0.00 0.00 0.00 0.00 0.00 0.00 0.00 0.00 0.00 0.00 0.00 0.00 0.00 0.00 0.00 0.00 0.00 0.00 0.00 0.00 0.00 0.00 0.00 0.00 0.00 0.00 0.00 0.00 0.00 0.00 0.00 0.00 0.00 0.00 0.00 0.00 0.00 0.00 0.00 0.00 0.00 0.00 0.00 0.00 0.00 0.00 0.00 0.00
 0.00 0.00 0.00 0.00 0.00 0.00 0.00 0.00 0.00 0.00 0.00 0.00 0.00 0.00 0.00 0.00 0.00 0.00 0.00 0.00 0.00 0.00 0.00 0.00 0.00 0.00 0.00 0.00 0.00 0.00 0.00 0.00 0.00 0.00 0.00 0.00 0.00 0.00 0.00 0.00 0.00 0.00 0.00 0.00 0.00 0.00 0.00 0.00 0.00 0.00 0.00 0.00 0.00 0.00 0.00 0.00 0.00 0.00 0.00 0.00 0.00 0.00 0.00 0.00 0.00 0.00 0.00 0.00 0.00 0.00 0.00 0.00 0.00 0.00 0.00 0.00 0.00 0.00 0.00 0.00 0.00 0.00 0.00 0.00 0.00 0.00 0.00 0.00 0.00 0.00 0.00 0.00 0.00 0.00 0.00
 0.00 0.00 0.00 0.00 0.00 0.00 0.00 0.00 0.00 0.00 0.00 0.00 0.00 0.00 0.00 0.00 0.00 0.00 0.00 0.00 0.00 0.00 0.00 0.00 0.00 0.00 0.00 0.00 0.00 0.00 0.00 0.00 0.00 0.00 0.00 0.00 0.00 0.00 0.00 0.00 0.00 0.00 0.00 0.00 0.00 0.00 0.00 0.00 0.00 0.00 0.00 0.00 0.00 0.00 0.00 0.00 0.00 0.00 0.00 0.00 0.00 0.00 0.00 0.00 0.00 0.00 0.00 0.00 0.00 0.00 0.00 0.00 0.00 0.00 0.00 0.00 0.00 0.00 0.00 0.00 0.00 0.00 0.00 0.00 0.00 0.00 0.00 0.00 0.00 0.00 0.00 0.00 0.00 0.00 0.00
 0.00 0.00 0.00 0.00 0.00 0.00 0.00 0.00 0.00 0.00 0.00 0.00 0.00 0.00 0.00 0.00 0.00 0.00 0.00 0.00 0.00 0.00 0.00 0.00 0.00 0.00 0.00 0.00 0.00 0.00 0.00 0.00 0.00 0.00 0.00 0.00 0.00 0.00 0.00 0.00 0.00 0.00 0.00 0.00 0.00 0.00 0.00 0.00 0.00 0.00 0.00 0.00 0.00 0.00 0.00 0.00 0.00 0.00 0.00 0.00 0.00 0.00 0.00 0.00 0.00 0.00 0.00 0.00 0.00 0.00 0.00 0.00 0.00 0.00 0.00 0.00 0.00 0.00 0.00 0.00 0.00 0.00 0.00 0.00 0.00 0.00 0.00 0.00 0.00 0.00 0.00 0.00 0.00 0.00 0.00
 0.00 0.00 0.00 0.00 0.00 0.00 0.00 0.00 0.00 0.00 0.00 0.00 0.00 0.00 0.00 0.00 0.00 0.00 0.00 0.00 0.00 0.00 0.00 0.00 0.00 0.00 0.00 0.00 0.00 0.00 0.00 0.00 0.00 0.00 0.00 0.00 0.00 0.00 0.00 0.00 0.00 0.00 0.00 0.00 0.00 0.00 0.00 0.00 0.00 0.00 0.00 0.00 0.00 0.00 0.00 0.00 0.00 0.00 0.00 0.00 0.00 0.00 0.00 0.00 0.00 0.00 0.00 0.00 0.00 0.00 0.00 0.00 0.00 0.00 0.00 0.00 0.00 0.00 0.00 0.00 0.00 0.00 0.00 0.00 0.00 0.00 0.00 0.00 0.00 0.00 0.00 0.00 0.00 0.00 0.00
 0.00 0.00 0.00 0.00 0.00 0.00 0.00 0.00 0.00 0.00 0.00 0.00 0.00 0.00 0.00 0.00 0.00 0.00 0.00 0.00 0.00 0.00 0.00 0.00 0.00 0.00 0.00 0.00 0.00 0.00 0.00 0.00 0.00 0.00 0.00 0.00 0.00 0.00 0.00 0.00 0.00 0.00 0.00 0.00 0.00 0.00 0.00 0.00 0.00 0.00 0.00 0.00 0.00 0.00 0.00 0.00 0.00 0.00 0.00 0.00 0.00 0.00 0.00 0.00 0.00 0.00 0.00 0.00 0.00 0.00 0.00 0.00 0.00 0.00 0.00 0.00 0.00 0.00 0.00 0.00 0.00 0.00 0.00 0.00 0.00 0.00 0.00 0.00 0.00 0.00 0.00 0.00 0.00 0.00 0.00
 0.00 0.00 0.00 0.00 0.00 0.00 0.00 0.00 0.00 0.00 0.00 0.00 0.00 0.00 0.00 0.00 0.00 0.00 0.00 0.00 0.00 0.00 0.00 0.00 0.00 0.00 0.00 0.00 0.00 0.00 0.00 0.00 0.00 0.00 0.00 0.00 0.00 0.00 0.00 0.00 0.00 0.00 0.00 0.00 0.00 0.00 0.00 0.00 0.00 0.00 0.00 0.00 0.00 0.00 0.00 0.00 0.00 0.00 0.00 0.00 0.00 0.00 0.00 0.00 0.00 0.00 0.00 0.00 0.00 0.00 0.00 0.00 0.00 0.00 0.00 0.00 0.00 0.00 0.00 0.00 0.00 0.00 0.00 0.00 0.00 0.00 0.00 0.00 0.00 0.00 0.00 0.00 0.00 0.00 0.00
 0.00 0.00 0.00 0.00 0.00 0.00 0.00 0.00 0.00 0.00 0.00 0.00 0.00 0.00 0.00 0.00 0.00 0.00 0.00 0.00 0.00 0.00 0.00 0.00 0.00 0.00 0.00 0.00 0.00 0.00 0.00 0.00 0.00 0.00 0.00 0.00 0.00 0.00 0.00 0.00 0.00 0.00 0.00 0.00 0.00 0.00 0.00 0.00 0.00 0.00 0.00 0.00 0.00 0.00 0.00 0.00 0.00 0.00 0.00 0.00 0.00 0.00 0.00 0.00 0.00 0.00 0.00 0.00 0.00 0.00 0.00 0.00 0.00 0.00 0.00 0.00 0.00 0.00 0.00 0.00 0.00 0.00 0.00 0.00 0.00 0.00 0.00 0.00 0.00 0.00 0.00 0.00 0.00 0.00 0.00
 0.00 0.00 0.00 0.00 0.00 0.00 0.00 0.00 0.00 0.00 0.00 0.00 0.00 0.00 0.00 0.00 0.00 0.00 0.00 0.00 0.00 0.00 0.00 0.00 0.00 0.00 0.00 0.00 0.00 0.00 0.00 0.00 0.00 0.00 0.00 0.00 0.00 0.00 0.00 0.00 0.00 0.00 0.00 0.00 0.00 0.00 0.00 0.00 0.00 0.00 0.00 0.00 0.00 0.00 0.00 0.00 0.00 0.00 0.00 0.00 0.00 0.00 0.00 0.00 0.00 0.00 0.00 0.00 0.00 0.00 0.00 0.00 0.00 0.00 0.00 0.00 0.00 0.00 0.00 0.00 0.00 0.00 0.00 0.00 0.00 0.00 0.00 0.00 0.00 0.00 0.00 0.00 0.00 0.00 0.00
 0.00 0.00 0.00 0.00 0.00 0.00 0.00 0.00 0.00 0.00 0.00 0.00 0.00 0.00 0.00 0.00 0.00 0.00 0.00 0.00 0.00 0.00 0.00 0.00 0.00 0.00 0.00 0.00 0.00 0.00 0.00 0.00 0.00 0.00 0.00 0.00 0.00 0.00 0.00 0.00 0.00 0.00 0.00 0.00 0.00 0.00 0.00 0.00 0.00 0.00 0.00 0.00 0.00 0.00 0.00 0.00 0.00 0.00 0.00 0.00 0.00 0.00 0.00 0.00 0.00 0.00 0.00 0.00 0.00 0.00 0.00 0.00 0.00 0.00 0.00 0.00 0.00 0.00 0.00 0.00 0.00 0.00 0.00 0.00 0.00 0.00 0.00 0.00 0.00 0.00 0.00 0.00 0.00 0.00 0.00
 0.00 0.00 0.00 0.00 0.00 0.00 0.00 0.00 0.00 0.00 0.00 0.00 0.00 0.00 0.00 0.00 0.00 0.00 0.00 0.00 0.00 0.00 0.00 0.00 0.00 0.00 0.00 0.00 0.00 0.00 0.00 0.00 0.00 0.00 0.00 0.00 0.00 0.00 0.00 0.00 0.00 0.00 0.00 0.00 0.00 0.00 0.00 0.00 0.00 0.00 0.00 0.00 0.00 0.00 0.00 0.00 0.00 0.00 0.00 0.00 0.00 0.00 0.00 0.00 0.00 0.00 0.00 0.00 0.00 0.00 0.00 0.00 0.00 0.00 0.00 0.00 0.00 0.00 0.00 0.00 0.00 0.00 0.00 0.00 0.00 0.00 0.00 0.00 0.00 0.00 0.00 0.00 0.00 0.00 0.00
 0.00 0.00 0.00 0.00 0.00 0.00 0.00 0.00 0.00 0.00 0.00 0.00 0.00 0.00 0.00 0.00 0.00 0.00 0.00 0.00 0.00 0.00 0.00 0.00 0.00 0.00 0.00 0.00 0.00 0.00 0.00 0.00 0.00 0.00 0.00 0.00 0.00 0.00 0.00 0.00 0.00 0.00 0.00 0.00 0.00 0.00 0.00 0.00 0.00 0.00 0.00 0.00 0.00 0.00 0.00 0.00 0.00 0.00 0.00 0.00 0.00 0.00 0.00 0.00 0.00 0.00 0.00 0.00 0.00 0.00 0.00 0.00 0.00 0.00 0.00 0.00 0.00 0.00 0.00 0.00 0.00 0.00 0.00 0.00 0.00 0.00 0.00 0.00 0.00 0.00 0.00 0.00 0.00 0.00 0.00
 0.00 0.00 0.00 0.00 0.00 0.00 0.00 0.00 0.00 0.00 0.00 0.00 0.00 0.00 0.00 0.00 0.00 0.00 0.00 0.00 0.00 0.00 0.00 0.00 0.00 0.00 0.00 0.00 0.00 0.00 0.00 0.00 0.00 0.00 0.00 0.00 0.00 0.00 0.00 0.00 0.00 0.00 0.00 0.00 0.00 0.00 0.00 0.00 0.00 0.00 0.00 0.00 0.00 0.00 0.00 0.00 0.00 0.00 0.00 0.00 0.00 0.00 0.00 0.00 0.00 0.00 0.00 0.00 0.00 0.00 0.00 0.00 0.00 0.00 0.00 0.00 0.00 0.00 0.00 0.00 0.00 0.00 0.00 0.00 0.00 0.00 0.00 0.00 0.00 0.00 0.00 0.00 0.00 0.00 0.00
 0.00 0.00 0.00 0.00 0.00 0.00 0.00 0.00 0.00 0.00 0.00 0.00 0.00 0.00 0.00 0.00 0.00 0.00 0.00 0.00 0.00 0.00 0.00 0.00 0.00 0.00 0.00 0.00 0.00 0.00 0.00 0.00 0.00 0.00 0.00 0.00 0.00 0.00 0.00 0.00 0.00 0.00 0.00 0.00 0.00 0.00 0.00 0.00 0.00 0.00 0.00 0.00 0.00 0.00 0.00 0.00 0.00 0.00 0.00 0.00 0.00 0.00 0.00 0.00 0.00 0.00 0.00 0.00 0.00 0.00 0.00 0.00 0.00 0.00 0.00 0.00 0.00 0.00 0.00 0.00 0.00 0.00 0.00 0.00 0.00 0.00 0.00 0.00 0.00 0.00 0.00 0.00 0.00 0.00 0.00
 0.00 0.00 0.00 0.00 0.00 0.00 0.00 0.00 0.00 0.00 0.00 0.00 0.00 0.00 0.00 0.00 0.00 0.00 0.00 0.00 0.00 0.00 0.00 0.00 0.00 0.00 0.00 0.00 0.00 0.00 0.00 0.00 0.00 0.00 0.00 0.00 0.00 0.00 0.00 0.00 0.00 0.00 0.00 0.00 0.00 0.00 0.00 0.00 0.00 0.00 0.00 0.00 0.00 0.00 0.00 0.00 0.00 0.00 0.00 0.00 0.00 0.00 0.00 0.00 0.00 0.00 0.00 0.00 0.00 0.00 0.00 0.00 0.00 0.00 0.00 0.00 0.00 0.00 0.00 0.00 0.00 0.00 0.00 0.00 0.00 0.00 0.00 0.00 0.00 0.00 0.00 0.00 0.00 0.00 0.00
 0.00 0.00 0.00 0.00 0.00 0.00 0.00 0.00 0.00 0.00 0.00 0.00 0.00 0.00 0.00 0.00 0.00 0.00 0.00 0.00 0.00 0.00 0.00 0.00 0.00 0.00 0.00 0.00 0.00 0.00 0.00 0.00 0.00 0.00 0.00 0.00 0.00 0.00 0.00 0.00 0.00 0.00 0.00 0.00 0.00 0.00 0.00 0.00 0.00 0.00 0.00 0.00 0.00 0.00 0.00 0.00 0.00 0.00 0.00 0.00 0.00 0.00 0.00 0.00 0.00 0.00 0.00 0.00 0.00 0.00 0.00 0.00 0.00 0.00 0.00 0.00 0.00 0.00 0.00 0.00 0.00 0.00 0.00 0.00 0.00 0.00 0.00 0.00 0.00 0.00 0.00 0.00 0.00 0.00 0.00
 0.00 0.00 0.00 0.00 0.00 0.00 0.00 0.00 0.00 0.00 0.00 0.00 0.00 0.00 0.00 0.00 0.00 0.00 0.00 0.00 0.00 0.00 0.00 0.00 0.00 0.00 0.00 0.00 0.00 0.00 0.00 0.00 0.00 0.00 0.00 0.00 0.00 0.00 0.00 0.00 0.00 0.00 0.00 0.00 0.00 0.00 0.00 0.00 0.00 0.00 0.00 0.00 0.00 0.00 0.00 0.00 0.00 0.00 0.00 0.00 0.00 0.00 0.00 0.00 0.00 0.00 0.00 0.00 0.00 0.00 0.00 0.00 0.00 0.00 0.00 0.00 0.00 0.00 0.00 0.00 0.00 0.00 0.00 0.00 0.00 0.00 0.00 0.00 0.00 0.00 0.00 0.00 0.00 0.00 0.00
 0.00 0.00 0.00 0.00 0.00 0.00 0.00 0.00 0.00 0.00 0.00 0.00 0.00 0.00 0.00 0.00 0.00 0.00 0.00 0.00 0.00 0.00 0.00 0.00 0.00 0.00 0.00 0.00 0.00 0.00 0.00 0.00 0.00 0.00 0.00 0.00 0.00 0.00 0.00 0.00 0.00 0.00 0.00 0.00 0.00 0.00 0.00 0.00 0.00 0.00 0.00 0.00 0.00 0.00 0.00 0.00 0.00 0.00 0.00 0.00 0.00 0.00 0.00 0.00 0.00 0.00 0.00 0.00 0.00 0.00 0.00 0.00 0.00 0.00 0.00 0.00 0.00 0.00 0.00 0.00 0.00 0.00 0.00 0.00 0.00 0.00 0.00 0.00 0.00 0.00 0.00 0.00 0.00 0.00 0.00
 0.00 0.00 0.00 0.00 0.00 0.00 0.00 0.00 0.00 0.00 0.00 0.00 0.00 0.00 0.00 0.00 0.00 0.00 0.00 0.00 0.00 0.00 0.00 0.00 0.00 0.00 0.00 0.00 0.00 0.00 0.00 0.00 0.00 0.00 0.00 0.00 0.00 0.00 0.00 0.00 0.00 0.00 0.00 0.00 0.00 0.00 0.00 0.00 0.00 0.00 0.00 0.00 0.00 0.00 0.00 0.00 0.00 0.00 0.00 0.00 0.00 0.00 0.00 0.00 0.00 0.00 0.00 0.00 0.00 0.00 0.00 0.00 0.00 0.00 0.00 0.00 0.00 0.00 0.00 0.00 0.00 0.00 0.00 0.00 0.00 0.00 0.00 0.00 0.00 0.00 0.00 0.00 0.00 0.00 0.00
 0.00 0.00 0.00 0.00 0.00 0.00 0.00 0.00 0.00 0.00 0.00 0.00 0.00 0.00 0.00 0.00 0.00 0.00 0.00 0.00 0.00 0.00 0.00 0.00 0.00 0.00 0.00 0.00 0.00 0.00 0.00 0.00 0.00 0.00 0.00 0.00 0.00 0.00 0.00 0.00 0.00 0.00 0.00 0.00 0.00 0.00 0.00 0.00 0.00 0.00 0.00 0.00 0.00 0.00 0.00 0.00 0.00 0.00 0.00 0.00 0.00 0.00 0.00 0.00 0.00 0.00 0.00 0.00 0.00 0.00 0.00 0.00 0.00 0.00 0.00 0.00 0.00 0.00 0.00 0.00 0.00 0.00 0.00 0.00 0.00 0.00 0.00 0.00 0.00 0.00 0.00 0.00 0.00 0.00 0.00
 0.00 0.00 0.00 0.00 0.00 0.00 0.00 0.00 0.00 0.00 0.00 0.00 0.00 0.00 0.00 0.00 0.00 0.00 0.00 0.00 0.00 0.00 0.00 0.00 0.00 0.00 0.00 0.00 0.00 0.00 0.00 0.00 0.00 0.00 0.00 0.00 0.00 0.00 0.00 0.00 0.00 0.00 0.00 0.00 0.00 0.00 0.00 0.00 0.00 0.00 0.00 0.00 0.00 0.00 0.00 0.00 0.00 0.00 0.00 0.00 0.00 0.00 0.00 0.00 0.00 0.00 0.00 0.00 0.00 0.00 0.00 0.00 0.00 0.00 0.00 0.00 0.00 0.00 0.00 0.00 0.00 0.00 0.00 0.00 0.00 0.00 0.00 0.00 0.00 0.00 0.00 0.00 0.00 0.00 0.00
 0.00 0.00 0.00 0.00 0.00 0.00 0.00 0.00 0.00 0.00 0.00 0.00 0.00 0.00 0.00 0.00 0.00 0.00 0.00 0.00 0.00 0.00 0.00 0.00 0.00 0.00 0.00 0.00 0.00 0.00 0.00 0.00 0.00 0.00 0.00 0.00 0.00 0.00 0.00 0.00 0.00 0.00 0.00 0.00 0.00 0.00 0.00 0.00 0.00 0.00 0.00 0.00 0.00 0.00 0.00 0.00 0.00 0.00 0.00 0.00 0.00 0.00 0.00 0.00 0.00 0.00 0.00 0.00 0.00 0.00 0.00 0.00 0.00 0.00 0.00 0.00 0.00 0.00 0.00 0.00 0.00 0.00 0.00 0.00 0.00 0.00 0.00 0.00 0.00 0.00 0.00 0.00 0.00 0.00 0.00
 0.00 0.00 0.00 0.00 0.00 0.00 0.00 0.00 0.00 0.00 0.00 0.00 0.00 0.00 0.00 0.00 0.00 0.00 0.00 0.00 0.00 0.00 0.00 0.00 0.00 0.00 0.00 0.00 0.00 0.00 0.00 0.00 0.00 0.00 0.00 0.00 0.00 0.00 0.00 0.00 0.00 0.00 0.00 0.00 0.00 0.00 0.00 0.00 0.00 0.00 0.00 0.00 0.00 0.00 0.00 0.00 0.00 0.00 0.00 0.00 0.00 0.00 0.00 0.00 0.00 0.00 0.00 0.00 0.00 0.00 0.00 0.00 0.00 0.00 0.00 0.00 0.00 0.00 0.00 0.00 0.00 0.00 0.00 0.00 0.00 0.00 0.00 0.00 0.00 0.00 0.00 0.00 0.00 0.00 0.00
 0.00 0.00 0.00 0.00 0.00 0.00 0.00 0.00 0.00 0.00 0.00 0.00 0.00 0.00 0.00 0.00 0.00 0.00 0.00 0.00 0.00 0.00 0.00 0.00 0.00 0.00 0.00 0.00 0.00 0.00 0.00 0.00 0.00 0.00 0.00 0.00 0.00 0.00 0.00 0.00 0.00 0.00 0.00 0.00 0.00 0.00 0.00 0.00 0.00 0.00 0.00 0.00 0.00 0.00 0.00 0.00 0.00 0.00 0.00 0.00 0.00 0.00 0.00 0.00 0.00 0.00 0.00 0.00 0.00 0.00 0.00 0.00 0.00 0.00 0.00 0.00 0.00 0.00 0.00 0.00 0.00 0.00 0.00 0.00 0.00 0.00 0.00 0.00 0.00 0.00 0.00 0.00 0.00 0.00 0.00
 0.00 0.00 0.00 0.00 0.00 0.00 0.00 0.00 0.00 0.00 0.00 0.00 0.00 0.00 0.00 0.00 0.00 0.00 0.00 0.00 0.00 0.00 0.00 0.00 0.00 0.00 0.00 0.00 0.00 0.00 0.00 0.00 0.00 0.00 0.00 0.00 0.00 0.00 0.00 0.00 0.00 0.00 0.00 0.00 0.00 0.00 0.00 0.00 0.00 0.00 0.00 0.00 0.00 0.00 0.00 0.00 0.00 0.00 0.00 0.00 0.00 0.00 0.00 0.00 0.00 0.00 0.00 0.00 0.00 0.00 0.00 0.00 0.00 0.00 0.00 0.00 0.00 0.00 0.00 0.00 0.00 0.00 0.00 0.00 0.00 0.00 0.00 0.00 0.00 0.00 0.00 0.00 0.00 0.00 0.00
 0.00 0.00 0.00 0.00 0.00 0.00 0.00 0.00 0.00 0.00 0.00 0.00 0.00 0.00 0.00 0.00 0.00 0.00 0.00 0.00 0.00 0.00 0.00 0.00 0.00 0.00 0.00 0.00 0.00 0.00 0.00 0.00 0.00 0.00 0.00 0.00 0.00 0.00 0.00 0.00 0.00 0.00 0.00 0.00 0.00 0.00 0.00 0.00 0.00 0.00 0.00 0.00 0.00 0.00 0.00 0.00 0.00 0.00 0.00 0.00 0.00 0.00 0.00 0.00 0.00 0.00 0.00 0.00 0.00 0.00 0.00 0.00 0.00 0.00 0.00 0.00 0.00 0.00 0.00 0.00 0.00 0.00 0.00 0.00 0.00 0.00 0.00 0.00 0.00 0.00 0.00 0.00 0.00 0.00 0.00
 0.00 0.00 0.00 0.00 0.00 0.00 0.00 0.00 0.00 0.00 0.00 0.00 0.00 0.00 0.00 0.00 0.00 0.00 0.00 0.00 0.00 0.00 0.00 0.00 0.00 0.00 0.00 0.00 0.00 0.00 0.00 0.00 0.00 0.00 0.00 0.00 0.00 0.00 0.00 0.00 0.00 0.00 0.00 0.00 0.00 0.00 0.00 0.00 0.00 0.00 0.00 0.00 0.00 0.00 0.00 0.00 0.00 0.00 0.00 0.00 0.00 0.00 0.00 0.00 0.00 0.00 0.00 0.00 0.00 0.00 0.00 0.00 0.00 0.00 0.00 0.00 0.00 0.00 0.00 0.00 0.00 0.00 0.00 0.00 0.00 0.00 0.00 0.00 0.00 0.00 0.00 0.00 0.00 0.00 0.00
 0.00 0.00 0.00 0.00 0.00 0.00 0.00 0.00 0.00 0.00 0.00 0.00 0.00 0.00 0.00 0.00 0.00 0.00 0.00 0.00 0.00 0.00 0.00 0.00 0.00 0.00 0.00 0.00 0.00 0.00 0.00 0.00 0.00 0.00 0.00 0.00 0.00 0.00 0.00 0.00 0.00 0.00 0.00 0.00 0.00 0.00 0.00 0.00 0.00 0.00 0.00 0.00 0.00 0.00 0.00 0.00 0.00 0.00 0.00 0.00 0.00 0.00 0.00 0.00 0.00 0.00 0.00 0.00 0.00 0.00 0.00 0.00 0.00 0.00 0.00 0.00 0.00 0.00 0.00 0.00 0.00 0.00 0.00 0.00 0.00 0.00 0.00 0.00 0.00 0.00 0.00 0.00 0.00 0.00 0.00
 0.00 0.00 0.00 0.00 0.00 0.00 0.00 0.00 0.00 0.00 0.00 0.00 0.00 0.00 0.00 0.00 0.00 0.00 0.00 0.00 0.00 0.00 0.00 0.00 0.00 0.00 0.00 0.00 0.00 0.00 0.00 0.00 0.00 0.00 0.00 0.00 0.00 0.00 0.00 0.00 0.00 0.00 0.00 0.00 0.00 0.00 0.00 0.00 0.00 0.00 0.00 0.00 0.00 0.00 0.00 0.00 0.00 0.00 0.00 0.00 0.00 0.00 0.00 0.00 0.00 0.00 0.00 0.00 0.00 0.00 0.00 0.00 0.00 0.00 0.00 0.00 0.00 0.00 0.00 0.00 0.00 0.00 0.00 0.00 0.00 0.00 0.00 0.00 0.00 0.00 0.00 0.00 0.00 0.00 0.00
 0.00 0.00 0.00 0.00 0.00 0.00 0.00 0.00 0.00 0.00 0.00 0.00 0.00 0.00 0.00 0.00 0.00 0.00 0.00 0.00 0.00 0.00 0.00 0.00 0.00 0.00 0.00 0.00 0.00 0.00 0.00 0.00 0.00 0.00 0.00 0.00 0.00 0.00 0.00 0.00 0.00 0.00 0.00 0.00 0.00 0.00 0.00 0.00 0.00 0.00 0.00 0.00 0.00 0.00 0.00 0.00 0.00 0.00 0.00 0.00 0.00 0.00 0.00 0.00 0.00 0.00 0.00 0.00 0.00 0.00 0.00 0.00 0.00 0.00 0.00 0.00 0.00 0.00 0.00 0.00 0.00 0.00 0.00 0.00 0.00 0.00 0.00 0.00 0.00 0.00 0.00 0.00 0.00 0.00 0.00
 0.00 0.00 0.00 0.00 0.00 0.00 0.00 0.00 0.00 0.00 0.00 0.00 0.00 0.00 0.00 0.00 0.00 0.00 0.00 0.00 0.00 0.00 0.00 0.00 0.00 0.00 0.00 0.00 0.00 0.00 0.00 0.00 0.00 0.00 0.00 0.00 0.00 0.00 0.00 0.00 0.00 0.00 0.00 0.00 0.00 0.00 0.00 0.00 0.00 0.00 0.00 0.00 0.00 0.00 0.00 0.00 0.00 0.00 0.00 0.00 0.00 0.00 0.00 0.00 0.00 0.00 0.00 0.00 0.00 0.00 0.00 0.00 0.00 0.00 0.00 0.00 0.00 0.00 0.00 0.00 0.00 0.00 0.00 0.00 0.00 0.00 0.00 0.00 0.00 0.00 0.00 0.00 0.00 2865.23 2831.40
 2831.40 2831.40 2831.40 2831.40 2831.40 2831.40 2831.40 2831.40 2831.40 2831.40 2831.40 2831.40 2831.40 2831.40 2831.40 2831.40 2865.23 0.00 0.00 0.00 0.00 0.00 0.00 0.00 0.00 0.00 0.00 0.00 0.00 0.00 0.00 0.00 0.00 0.00 0.00 0.00 0.00 0.00 0.00 0.00 0.00 0.00 0.00 0.00 0.00 0.00 0.00 0.00 0.00 0.00 0.00 0.00 0.00 0.00 0.00 0.00 0.00 0.00 0.00 0.00 0.00 0.00 0.00 0.00 0.00 0.00 0.00 0.00 0.00 0.00 0.00 0.00 0.00 0.00 0.00 0.00 0.00 0.00 0.00 0.00 0.00 0.00 0.00 0.00 0.00 0.00 2865.23 2831.40 2831.40 2831.40 2812.13 2778.29 2744.46 2710.63 2676.80
 2676.80 2676.80 2676.80 2676.80 2676.80 2676.80 2676.80 2676.80 2676.80 2676.80 2676.80 2676.80 2676.80 2676.80 2676.80 2676.80 2710.63 2744.46 2778.29 2812.13 2845.96 2879.79 0.00 0.00 0.00 0.00 0.00 0.00 0.00 0.00 0.00 0.00 0.00 0.00 0.00 0.00 0.00 0.00 0.00 0.00 0.00 0.00 0.00 0.00 0.00 0.00 0.00 0.00 0.00 0.00 0.00 0.00 0.00 0.00 0.00 0.00 0.00 0.00 0.00 0.00 0.00 0.00 0.00 0.00 0.00 0.00 0.00 0.00 0.00 0.00 0.00 0.00 0.00 0.00 0.00 0.00 0.00 0.00 0.00 2865.23 2831.40 2831.40 2831.40 2812.13 2778.29 2744.46 2710.63 2676.80 2676.80 2676.80 2657.53 2623.69 2589.86 2556.03 2522.20
 2522.20 2522.20 2522.20 2522.20 2522.20 2522.20 2522.20 2522.20 2522.20 2522.20 2522.20 2522.20 2522.20 2522.20 2522.20 2522.20 2556.03 2589.86 2623.69 2657.53 2691.36 2725.19 2759.02 2866.74 0.00 0.00 0.00 0.00 0.00 0.00 0.00 0.00 0.00 0.00 0.00 0.00 0.00 0.00 0.00 0.00 0.00 0.00 0.00 0.00 0.00 0.00 0.00 0.00 0.00 0.00 0.00 0.00 0.00 0.00 0.00 0.00 0.00 0.00 0.00 0.00 0.00 0.00 0.00 0.00 0.00 0.00 0.00 0.00 0.00 0.00 0.00 0.00 2865.23 2831.40 2831.40 2831.40 2812.13 2778.29 2744.46 2710.63 2676.80 2676.80 2676.80 2657.53 2623.69 2589.86 2556.03 2522.20 2522.20 2522.20 2502.93 2469.09 2435.26 2401.43 2367.60
 2367.60 2367.60 2367.60 2367.60 2367.60 2367.60 2367.60 2367.60 2367.60 2367.60 2367.60 2367.60 2367.60 2367.60 2367.60 2367.60 2401.43 2435.26 2469.09 2502.93 2536.76 2570.59 2678.31 2786.04 0.00 0.00 0.00 0.00 0.00 0.00 0.00 0.00 0.00 0.00 0.00 0.00 0.00 0.00 0.00 0.00 0.00 0.00 0.00 0.00 0.00 0.00 0.00 0.00 0.00 0.00 0.00 0.00 0.00 0.00 0.00 0.00 0.00 0.00 0.00 0.00 0.00 0.00 0.00 0.00 0.00 0.00 2865.23 2831.40 2831.40 2812.13 2778.29 2744.46 2710.63 2676.80 2676.80 2676.80 2657.53 2623.69 2589.86 2556.03 2522.20 2522.20 2522.20 2502.93 2469.09 2435.26 2401.43 2367.60 2367.60 2367.60 2348.32 2314.49 2280.66 2246.83 2213.00
 2213.00 2213.00 2213.00 2213.00 2213.00 2213.00 2213.00 2213.00 2213.00 2213.00 2213.00 2213.00 2213.00 2213.00 2213.00 2213.00 2246.83 2280.66 2314.49 2348.32 2382.16 2489.88 2597.61 2705.34 2813.06 0.00 0.00 0.00 0.00 0.00 0.00 0.00 0.00 0.00 0.00 0.00 0.00 0.00 0.00 0.00 0.00 0.00 0.00 0.00 0.00 0.00 0.00 0.00 0.00 0.00 0.00 0.00 0.00 0.00 0.00 0.00 0.00 0.00 0.00 0.00 2865.23 2831.40 2831.40 2812.13 2778.29 2744.46 2710.63 2676.80 2676.80 2657.53 2623.69 2589.86 2556.03 2522.20 2522.20 2522.20 2502.93 2469.09 2435.26 2401.43 2367.60 2367.60 2367.60 2348.32 2314.49 2280.66 2246.83 2213.00 2213.00 2213.00 2193.72 2159.89 2126.06 2092.23 2058.40
 2058.40 2058.40 2058.40 2058.40 2058.40 2058.40 2058.40 2058.40 2058.40 2058.40 2058.40 2058.40 2058.40 2058.40 2058.40 2058.40 2092.23 2126.06 2159.89 2193.72 2301.45 2409.18 2516.90 2624.63 2732.36 2840.09 0.00 0.00 0.00 0.00 0.00 0.00 0.00 0.00 0.00 0.00 0.00 0.00 0.00 0.00 0.00 0.00 0.00 0.00 0.00 0.00 0.00 0.00 0.00 0.00 0.00 0.00 0.00 0.00 0.00 2865.23 2831.40 2812.13 2778.29 2744.46 2710.63 2676.80 2676.80 2657.53 2623.69 2589.86 2556.03 2522.20 2522.20 2502.93 2469.09 2435.26 2401.43 2367.60 2367.60 2367.60 2348.32 2314.49 2280.66 2246.83 2213.00 2213.00 2213.00 2193.72 2159.89 2126.06 2092.23 2058.40 2058.40 2058.40 2058.40 2005.29 1971.46 1937.63 1903.80
 1903.80 1903.80 1903.80 1903.80 1903.80 1903.80 1903.80 1903.80 1903.80 1903.80 1903.80 1903.80 1903.80 1903.80 1903.80 1903.80 1937.63 1971.46 2005.29 2113.02 2220.75 2328.47 2436.20 2543.93 2651.65 2759.38 2867.11 0.00 0.00 0.00 0.00 0.00 0.00 0.00 0.00 0.00 0.00 0.00 0.00 0.00 0.00 0.00 0.00 0.00 0.00 0.00 0.00 0.00 0.00 2865.23 2831.40 2831.40 2812.13 2778.29 2744.46 2710.63 2676.80 2657.53 2623.69 2589.86 2556.03 2522.20 2522.20 2502.93 2469.09 2435.26 2401.43 2367.60 2367.60 2348.32 2314.49 2280.66 2246.83 2213.00 2213.00 2213.00 2193.72 2159.89 2126.06 2092.23 2058.40 2058.40 2058.40 2058.40 2005.29 1971.46 1937.63 1903.80 1903.80 1903.80 1903.80 1903.80 1816.86 1783.03 1749.20
 1749.20 1749.20 1749.20 1749.20 1749.20 1749.20 1749.20 1749.20 1749.20 1749.20 1749.20 1749.20 1749.20 1749.20 1749.20 1749.20 1783.03 1816.86 1924.59 2032.32 2140.04 2247.77 2355.50 2463.22 2570.95 2678.68 2786.40 0.00 0.00 0.00 0.00 0.00 0.00 0.00 0.00 0.00 0.00 0.00 0.00 0.00 0.00 0.00 0.00 2865.23 2831.40 2831.40 2812.13 2778.29 2744.46 2710.63 2676.80 2676.80 2657.53 2623.69 2589.86 2556.03 2522.20 2502.93 2469.09 2435.26 2401.43 2367.60 2367.60 2348.32 2314.49 2280.66 2246.83 2213.00 2213.00 2193.72 2159.89 2126.06 2092.23 2058.40 2058.40 2058.40 2058.40 2005.29 1971.46 1937.63 1903.80 1903.80 1903.80 1903.80 1903.80 1816.86 1783.03 1749.20 1749.20 1749.20 1749.20 1749.20 1736.16 1628.43 1594.60
 1594.60 1594.60 1594.60 1594.60 1594.60 1594.60 1594.60 1594.60 1594.60 1594.60 1594.60 1594.60 1594.60 1594.60 1594.60 1594.60 1628.43 1736.16 1843.88 1951.61 2059.34 2167.06 2274.79 2382.52 2490.25 2597.97 2705.70 2813.43 0.00 0.00 0.00 0.00 0.00 0.00 0.00 0.00 0.00 2865.23 2831.40 2831.40 2812.13 2778.29 2744.46 2710.63 2676.80 2676.80 2657.53 2623.69 2589.86 2556.03 2522.20 2522.20 2502.93 2469.09 2435.26 2401.43 2367.60 2348.32 2314.49 2280.66 2246.83 2213.00 2213.00 2193.72 2159.89 2126.06 2092.23 2058.40 2058.40 2058.40 2005.29 1971.46 1937.63 1903.80 1903.80 1903.80 1903.80 1903.80 1816.86 1783.03 1749.20 1749.20 1749.20 1749.20 1749.20 1736.16 1628.43 1594.60 1594.60 1594.60 1594.60 1594.60 1594.60 1547.73 1440.00
 1440.00 1440.00 1440.00 1440.00 1440.00 1440.00 1440.00 1440.00 1440.00 1440.00 1440.00 1440.00 1440.00 1440.00 1440.00 1440.00 1547.73 1655.45 1763.18 1870.91 1978.63 2086.36 2194.09 2301.81 2409.54 2517.27 2624.99 2732.72 2840.45 0.00 0.00 0.00 2865.23 2831.40 2812.13 2778.29 2744.46 2710.63 2676.80 2676.80 2657.53 2623.69 2589.86 2556.03 2522.20 2522.20 2502.93 2469.09 2435.26 2401.43 2367.60 2367.60 2348.32 2314.49 2280.66 2246.83 2213.00 2193.72 2159.89 2126.06 2092.23 2058.40 2058.40 2058.40 2005.29 1971.46 1937.63 1903.80 1903.80 1903.80 1903.80 1816.86 1783.03 1749.20 1749.20 1749.20 1749.20 1749.20 1736.16 1628.43 1594.60 1594.60 1594.60 1594.60 1594.60 1594.60 1547.73 1440.00 1440.00 1440.00 1440.00 1440.00 1440.00 1440.00 1440.00
 1440.00 1440.00 1440.00 1440.00 1440.00 1440.00 1440.00 1440.00 1440.00 1440.00 1440.00 1440.00 1440.00 1547.73 1594.60 1594.60 1628.43 1736.16 1843.88 1951.61 2059.34 2167.06 2274.79 2382.52 2490.25 2597.97 2705.70 2813.43 2831.40 2812.13 2778.29 2744.46 2710.63 2676.80 2657.53 2623.69 2589.86 2556.03 2522.20 2522.20 2502.93 2469.09 2435.26 2401.43 2367.60 2367.60 2348.32 2314.49 2280.66 2246.83 2213.00 2213.00 2193.72 2159.89 2126.06 2092.23 2058.40 2058.40 2005.29 1971.46 1937.63 1903.80 1903.80 1903.80 1903.80 1816.86 1783.03 1749.20 1749.20 1749.20 1749.20 1736.16 1628.43 1594.60 1594.60 1594.60 1594.60 1594.60 1594.60 1547.73 1440.00 1440.00 1440.00 1440.00 1440.00 1440.00 1440.00 1440.00 1440.00 1440.00 1440.00 1440.00 1440.00 1440.00 1440.00
 1440.00 1440.00 1440.00 1440.00 1440.00 1440.00 1440.00 1440.00 1440.00 1547.73 1594.60 1594.60 1594.60 1628.43 1736.16 1749.20 1783.03 1816.86 1924.59 2032.32 2140.04 2247.77 2355.50 2463.22 2570.95 2678.68 2710.63 2676.80 2676.80 2657.53 2623.69 2589.86 2556.03 2522.20 2502.93 2469.09 2435.26 2401.43 2367.60 2367.60 2348.32 2314.49 2280.66 2246.83 2213.00 2213.00 2193.72 2159.89 2126.06 2092.23 2058.40 2058.40 2058.40 2005.29 1971.46 1937.63 1903.80 1903.80 1903.80 1816.86 1783.03 1749.20 1749.20 1749.20 1749.20 1736.16 1628.43 1594.60 1594.60 1594.60 1594.60 1594.60 1547.73 1440.00 1440.00 1440.00 1440.00 1440.00 1440.00 1440.00 1440.00 1440.00 1440.00 1440.00 1440.00 1440.00 1440.00 1440.00 1440.00 1440.00 1440.00 1440.00 1440.00 1440.00 1440.00
 1440.00 1440.00 1440.00 1440.00 1440.00 1440.00 1547.73 1594.60 1594.60 1628.43 1736.16 1749.20 1749.20 1783.03 1816.86 1903.80 1937.63 1971.46 2005.29 2113.02 2220.75 2328.47 2436.20 2543.93 2623.69 2589.86 2556.03 2522.20 2522.20 2502.93 2469.09 2435.26 2401.43 2367.60 2348.32 2314.49 2280.66 2246.83 2213.00 2213.00 2193.72 2159.89 2126.06 2092.23 2058.40 2058.40 2058.40 2005.29 1971.46 1937.63 1903.80 1903.80 1903.80 1903.80 1816.86 1783.03 1749.20 1749.20 1749.20 1736.16 1628.43 1594.60 1594.60 1594.60 1594.60 1594.60 1547.73 1440.00 1440.00 1440.00 1440.00 1440.00 1440.00 1440.00 1440.00 1440.00 1440.00 1440.00 1440.00 1440.00 1440.00 1440.00 1440.00 1440.00 1440.00 1440.00 1440.00 1440.00 1440.00 1440.00 1440.00 1440.00 1440.00 1440.00 1440.00
 1440.00 1440.00 1547.73 1594.60 1594.60 1594.60 1628.43 1736.16 1749.20 1783.03 1816.86 1903.80 1903.80 1937.63 1971.46 2005.29 2092.23 2126.06 2159.89 2193.72 2301.45 2409.18 2516.90 2502.93 2469.09 2435.26 2401.43 2367.60 2367.60 2348.32 2314.49 2280.66 2246.83 2213.00 2193.72 2159.89 2126.06 2092.23 2058.40 2058.40 2058.40 2005.29 1971.46 1937.63 1903.80 1903.80 1903.80 1903.80 1816.86 1783.03 1749.20 1749.20 1749.20 1749.20 1736.16 1628.43 1594.60 1594.60 1594.60 1594.60 1547.73 1440.00 1440.00 1440.00 1440.00 1440.00 1440.00 1440.00 1440.00 1440.00 1440.00 1440.00 1440.00 1440.00 1440.00 1440.00 1440.00 1440.00 1440.00 1440.00 1440.00 1440.00 1440.00 1440.00 1440.00 1440.00 1440.00 1440.00 1440.00 1440.00 1440.00 1440.00 1440.00 1547.73 1594.60
 1594.60 1594.60 1628.43 1736.16 1749.20 1749.20 1783.03 1816.86 1903.80 1937.63 1971.46 2005.29 2058.40 2092.23 2126.06 2159.89 2193.72 2280.66 2314.49 2348.32 2382.16 2367.60 2367.60 2348.32 2314.49 2280.66 2246.83 2213.00 2213.00 2193.72 2159.89 2126.06 2092.23 2058.40 2058.40 2005.29 1971.46 1937.63 1903.80 1903.80 1903.80 1903.80 1816.86 1783.03 1749.20 1749.20 1749.20 1749.20 1736.16 1628.43 1594.60 1594.60 1594.60 1594.60 1594.60 1547.73 1440.00 1440.00 1440.00 1440.00 1440.00 1440.00 1440.00 1440.00 1440.00 1440.00 1440.00 1440.00 1440.00 1440.00 1440.00 1440.00 1440.00 1440.00 1440.00 1440.00 1440.00 1440.00 1440.00 1440.00 1440.00 1440.00 1440.00 1440.00 1440.00 1440.00 1440.00 1440.00 1547.73 1594.60 1594.60 1594.60 1594.60 1628.43 1736.16
 1749.20 1749.20 1783.03 1816.86 1903.80 1903.80 1937.63 1971.46 2005.29 2092.23 2126.06 2159.89 2193.72 2246.83 2280.66 2314.49 2348.32 2348.32 2314.49 2280.66 2246.83 2213.00 2213.00 2193.72 2159.89 2126.06 2092.23 2058.40 2058.40 2058.40 2005.29 1971.46 1937.63 1903.80 1903.80 1903.80 1816.86 1783.03 1749.20 1749.20 1749.20 1749.20 1736.16 1628.43 1594.60 1594.60 1594.60 1594.60 1594.60 1547.73 1440.00 1440.00 1440.00 1440.00 1440.00 1440.00 1440.00 1440.00 1440.00 1440.00 1440.00 1440.00 1440.00 1440.00 1440.00 1440.00 1440.00 1440.00 1440.00 1440.00 1440.00 1440.00 1440.00 1440.00 1440.00 1440.00 1440.00 1440.00 1440.00 1440.00 1440.00 1440.00 1440.00 1440.00 1547.73 1594.60 1594.60 1594.60 1628.43 1736.16 1749.20 1749.20 1749.20 1783.03 1816.86
 1903.80 1903.80 1937.63 1971.46 2005.29 2058.40 2092.23 2126.06 2159.89 2193.72 2280.66 2314.49 2348.32 2314.49 2280.66 2246.83 2213.00 2193.72 2159.89 2126.06 2092.23 2058.40 2058.40 2058.40 2005.29 1971.46 1937.63 1903.80 1903.80 1903.80 1903.80 1816.86 1783.03 1749.20 1749.20 1749.20 1736.16 1628.43 1594.60 1594.60 1594.60 1594.60 1594.60 1547.73 1440.00 1440.00 1440.00 1440.00 1440.00 1440.00 1440.00 1440.00 1440.00 1440.00 1440.00 1440.00 1440.00 1440.00 1440.00 1440.00 1440.00 1440.00 1440.00 1440.00 1440.00 1440.00 1440.00 1440.00 1440.00 1440.00 1440.00 1440.00 1440.00 1440.00 1440.00 1440.00 1440.00 1440.00 1440.00 1440.00 1440.00 1547.73 1594.60 1594.60 1628.43 1736.16 1749.20 1749.20 1783.03 1816.86 1903.80 1903.80 1903.80 1937.63 1971.46
 2058.40 2058.40 2092.23 2126.06 2159.89 2193.72 2246.83 2280.66 2280.66 2246.83 2213.00 2213.00 2193.72 2159.89 2126.06 2092.23 2058.40 2058.40 2005.29 1971.46 1937.63 1903.80 1903.80 1903.80 1903.80 1816.86 1783.03 1749.20 1749.20 1749.20 1749.20 1736.16 1628.43 1594.60 1594.60 1594.60 1594.60 1547.73 1440.00 1440.00 1440.00 1440.00 1440.00 1440.00 1440.00 1440.00 1440.00 1440.00 1440.00 1440.00 1440.00 1440.00 1440.00 1440.00 1440.00 1440.00 1440.00 1440.00 1440.00 1440.00 1440.00 1440.00 1440.00 1440.00 1440.00 1440.00 1440.00 1440.00 1440.00 1440.00 1440.00 1440.00 1440.00 1440.00 1440.00 1440.00 1440.00 1547.73 1594.60 1594.60 1594.60 1628.43 1736.16 1749.20 1783.03 1816.86 1903.80 1903.80 1937.63 1971.46 2005.29 2058.40 2058.40 2092.23 2126.06
 2213.00 2213.00 2246.83 2280.66 2246.83 2213.00 2193.72 2159.89 2126.06 2092.23 2058.40 2058.40 2058.40 2005.29 1971.46 1937.63 1903.80 1903.80 1903.80 1816.86 1783.03 1749.20 1749.20 1749.20 1749.20 1736.16 1628.43 1594.60 1594.60 1594.60 1594.60 1594.60 1547.73 1440.00 1440.00 1440.00 1440.00 1440.00 1440.00 1440.00 1440.00 1440.00 1440.00 1440.00 1440.00 1440.00 1440.00 1440.00 1440.00 1440.00 1440.00 1440.00 1440.00 1440.00 1440.00 1440.00 1440.00 1440.00 1440.00 1440.00 1440.00 1440.00 1440.00 1440.00 1440.00 1440.00 1440.00 1440.00 1440.00 1440.00 1440.00 1440.00 1440.00 1547.73 1594.60 1594.60 1594.60 1628.43 1736.16 1749.20 1749.20 1783.03 1816.86 1903.80 1937.63 1971.46 2005.29 2058.40 2092.23 2126.06 2159.89 2193.72 2213.00 2246.83 2280.66
 2213.00 2193.72 2159.89 2126.06 2092.23 2058.40 2058.40 2005.29 1971.46 1937.63 1903.80 1903.80 1903.80 1903.80 1816.86 1783.03 1749.20 1749.20 1749.20 1736.16 1628.43 1594.60 1594.60 1594.60 1594.60 1594.60 1547.73 1440.00 1440.00 1440.00 1440.00 1440.00 1440.00 1440.00 1440.00 1440.00 1440.00 1440.00 1440.00 1440.00 1440.00 1440.00 1440.00 1440.00 1440.00 1440.00 1440.00 1440.00 1440.00 1440.00 1440.00 1440.00 1440.00 1440.00 1440.00 1440.00 1440.00 1440.00 1440.00 1440.00 1440.00 1440.00 1440.00 1440.00 1440.00 1440.00 1440.00 1440.00 1440.00 1547.73 1594.60 1594.60 1594.60 1628.43 1736.16 1749.20 1749.20 1783.03 1816.86 1903.80 1903.80 1937.63 1971.46 2005.29 2092.23 2126.06 2159.89 2193.72 2246.83 2213.00 2213.00 2213.00 2213.00 2213.00 2213.00
 2058.40 2058.40 2005.29 1971.46 1937.63 1903.80 1903.80 1903.80 1816.86 1783.03 1749.20 1749.20 1749.20 1749.20 1736.16 1628.43 1594.60 1594.60 1594.60 1594.60 1547.73 1440.00 1440.00 1440.00 1440.00 1440.00 1440.00 1440.00 1440.00 1440.00 1440.00 1440.00 1440.00 1440.00 1440.00 1440.00 1440.00 1440.00 1440.00 1440.00 1440.00 1440.00 1440.00 1440.00 1440.00 1440.00 1440.00 1440.00 1440.00 1440.00 1440.00 1440.00 1440.00 1440.00 1440.00 1440.00 1440.00 1440.00 1440.00 1440.00 1440.00 1440.00 1440.00 1440.00 1547.73 1594.60 1594.60 1594.60 1594.60 1628.43 1736.16 1749.20 1749.20 1783.03 1816.86 1903.80 1903.80 1937.63 1971.46 2005.29 2058.40 2092.23 2126.06 2159.89 2193.72 2193.72 2159.89 2126.06 2092.23 2058.40 2058.40 2058.40 2058.40 2058.40 2058.40
 1903.80 1903.80 1903.80 1816.86 1783.03 1749.20 1749.20 1749.20 1736.16 1628.43 1594.60 1594.60 1594.60 1594.60 1594.60 1547.73 1440.00 1440.00 1440.00 1440.00 1440.00 1440.00 1440.00 1440.00 1440.00 1440.00 1440.00 1440.00 1440.00 1440.00 1440.00 1440.00 1440.00 1440.00 1440.00 1440.00 1440.00 1440.00 1440.00 1440.00 1440.00 1440.00 1440.00 1440.00 1440.00 1440.00 1440.00 1440.00 1440.00 1440.00 1440.00 1440.00 1440.00 1440.00 1440.00 1440.00 1440.00 1440.00 1440.00 1440.00 1547.73 1594.60 1594.60 1594.60 1628.43 1736.16 1749.20 1749.20 1749.20 1783.03 1816.86 1903.80 1903.80 1937.63 1971.46 2005.29 2058.40 2092.23 2126.06 2159.89 2193.72 2159.89 2126.06 2092.23 2058.40 2058.40 2005.29 1971.46 1937.63 1903.80 1903.80 1903.80 1903.80 1903.80 1903.80
 1749.20 1749.20 1749.20 1736.16 1628.43 1594.60 1594.60 1594.60 1594.60 1547.73 1440.00 1440.00 1440.00 1440.00 1440.00 1440.00 1440.00 1440.00 1440.00 1440.00 1440.00 1440.00 1440.00 1440.00 1440.00 1440.00 1440.00 1440.00 1440.00 1440.00 1440.00 1440.00 1440.00 1440.00 1440.00 1440.00 1440.00 1440.00 1440.00 1440.00 1440.00 1440.00 1440.00 1440.00 1440.00 1440.00 1440.00 1440.00 1440.00 1440.00 1440.00 1440.00 1440.00 1440.00 1440.00 1440.00 1547.73 1594.60 1594.60 1594.60 1628.43 1736.16 1749.20 1749.20 1783.03 1816.86 1903.80 1903.80 1903.80 1937.63 1971.46 2005.29 2058.40 2092.23 2126.06 2159.89 2159.89 2126.06 2092.23 2058.40 2058.40 2005.29 1971.46 1937.63 1903.80 1903.80 1903.80 1816.86 1783.03 1749.20 1749.20 1749.20 1749.20 1749.20 1749.20
 1594.60 1594.60 1594.60 1594.60 1547.73 1440.00 1440.00 1440.00 1440.00 1440.00 1440.00 1440.00 1440.00 1440.00 1440.00 1440.00 1440.00 1440.00 1440.00 1440.00 1440.00 1440.00 1440.00 1440.00 1440.00 1440.00 1440.00 1440.00 1440.00 1440.00 1440.00 1440.00 1440.00 1440.00 1440.00 1440.00 1440.00 1440.00 1440.00 1440.00 1440.00 1440.00 1440.00 1440.00 1440.00 1440.00 1440.00 1440.00 1440.00 1440.00 1440.00 1547.73 1594.60 1594.60 1594.60 1594.60 1628.43 1736.16 1749.20 1749.20 1783.03 1816.86 1903.80 1903.80 1937.63 1971.46 2005.29 2058.40 2058.40 2092.23 2126.06 2159.89 2126.06 2092.23 2058.40 2058.40 2005.29 1971.46 1937.63 1903.80 1903.80 1903.80 1816.86 1783.03 1749.20 1749.20 1749.20 1736.16 1628.43 1594.60 1594.60 1594.60 1594.60 1594.60 1594.60
 1440.00 1440.00 1440.00 1440.00 1440.00 1440.00 1440.00 1440.00 1440.00 1440.00 1440.00 1440.00 1440.00 1440.00 1440.00 1440.00 1440.00 1440.00 1440.00 1440.00 1440.00 1440.00 1440.00 1440.00 1440.00 1440.00 1440.00 1440.00 1440.00 1440.00 1440.00 1440.00 1440.00 1440.00 1440.00 1440.00 1440.00 1440.00 1440.00 1440.00 1440.00 1440.00 1440.00 1440.00 1440.00 1440.00 1440.00 1547.73 1594.60 1594.60 1594.60 1628.43 1736.16 1749.20 1749.20 1749.20 1783.03 1816.86 1903.80 1903.80 1937.63 1971.46 2005.29 2058.40 2092.23 2126.06 2126.06 2092.23 2058.40 2058.40 2058.40 2005.29 1971.46 1937.63 1903.80 1903.80 1903.80 1816.86 1783.03 1749.20 1749.20 1749.20 1736.16 1628.43 1594.60 1594.60 1594.60 1594.60 1547.73 1440.00 1440.00 1440.00 1440.00 1440.00 1440.00
 1440.00 1440.00 1440.00 1440.00 1440.00 1440.00 1440.00 1440.00 1440.00 1440.00 1440.00 1440.00 1440.00 1440.00 1440.00 1440.00 1440.00 1440.00 1440.00 1440.00 1440.00 1440.00 1440.00 1440.00 1440.00 1440.00 1440.00 1440.00 1440.00 1440.00 1440.00 1440.00 1440.00 1440.00 1440.00 1440.00 1440.00 1440.00 1440.00 1440.00 1440.00 1440.00 1547.73 1594.60 1594.60 1594.60 1594.60 1628.43 1736.16 1749.20 1749.20 1783.03 1816.86 1903.80 1903.80 1903.80 1937.63 1971.46 2005.29 2058.40 2092.23 2126.06 2092.23 2058.40 2058.40 2005.29 1971.46 1937.63 1903.80 1903.80 1903.80 1903.80 1816.86 1783.03 1749.20 1749.20 1749.20 1736.16 1628.43 1594.60 1594.60 1594.60 1594.60 1547.73 1440.00 1440.00 1440.00 1440.00 1440.00 1440.00 1440.00 1440.00 1440.00 1440.00 1440.00
 1440.00 1440.00 1440.00 1440.00 1440.00 1440.00 1440.00 1440.00 1440.00 1440.00 1440.00 1440.00 1440.00 1440.00 1440.00 1440.00 1440.00 1440.00 1440.00 1440.00 1440.00 1440.00 1440.00 1440.00 1440.00 1440.00 1440.00 1440.00 1440.00 1440.00 1440.00 1440.00 1440.00 1440.00 1440.00 1440.00 1440.00 1440.00 1547.73 1594.60 1594.60 1594.60 1628.43 1736.16 1749.20 1749.20 1749.20 1783.03 1816.86 1903.80 1903.80 1937.63 1971.46 2005.29 2058.40 2058.40 2092.23 2092.23 2058.40 2058.40 2005.29 1971.46 1937.63 1903.80 1903.80 1903.80 1816.86 1783.03 1749.20 1749.20 1749.20 1749.20 1736.16 1628.43 1594.60 1594.60 1594.60 1594.60 1547.73 1440.00 1440.00 1440.00 1440.00 1440.00 1440.00 1440.00 1440.00 1440.00 1440.00 1440.00 1440.00 1440.00 1440.00 1440.00 1440.00
 1440.00 1440.00 1440.00 1440.00 1440.00 1440.00 1440.00 1440.00 1440.00 1440.00 1440.00 1440.00 1440.00 1440.00 1440.00 1440.00 1440.00 1440.00 1440.00 1440.00 1440.00 1440.00 1440.00 1440.00 1440.00 1440.00 1440.00 1440.00 1440.00 1440.00 1440.00 1440.00 1440.00 1547.73 1594.60 1594.60 1594.60 1594.60 1628.43 1736.16 1749.20 1749.20 1783.03 1816.86 1903.80 1903.80 1903.80 1937.63 1971.46 2005.29 2058.40 2092.23 2058.40 2058.40 2058.40 2005.29 1971.46 1937.63 1903.80 1903.80 1903.80 1816.86 1783.03 1749.20 1749.20 1749.20 1736.16 1628.43 1594.60 1594.60 1594.60 1594.60 1594.60 1547.73 1440.00 1440.00 1440.00 1440.00 1440.00 1440.00 1440.00 1440.00 1440.00 1440.00 1440.00 1440.00 1440.00 1440.00 1440.00 1440.00 1440.00 1440.00 1440.00 1440.00 1440.00
 1440.00 1440.00 1440.00 1440.00 1440.00 1440.00 1440.00 1440.00 1440.00 1440.00 1440.00 1440.00 1440.00 1440.00 1440.00 1440.00 1440.00 1440.00 1440.00 1440.00 1440.00 1440.00 1440.00 1440.00 1440.00 1440.00 1440.00 1440.00 1547.73 1594.60 1594.60 1594.60 1594.60 1628.43 1736.16 1749.20 1749.20 1749.20 1783.03 1816.86 1903.80 1903.80 1937.63 1971.46 2005.29 2058.40 2058.40 2058.40 2058.40 2005.29 1971.46 1937.63 1903.80 1903.80 1903.80 1903.80 1816.86 1783.03 1749.20 1749.20 1749.20 1736.16 1628.43 1594.60 1594.60 1594.60 1594.60 1547.73 1440.00 1440.00 1440.00 1440.00 1440.00 1440.00 1440.00 1440.00 1440.00 1440.00 1440.00 1440.00 1440.00 1440.00 1440.00 1440.00 1440.00 1440.00 1440.00 1440.00 1440.00 1440.00 1440.00 1440.00 1440.00 1440.00 1440.00
 1440.00 1440.00 1440.00 1440.00 1440.00 1440.00 1440.00 1440.00 1440.00 1440.00 1440.00 1440.00 1440.00 1440.00 1440.00 1440.00 1440.00 1440.00 1440.00 1440.00 1440.00 1440.00 1440.00 1547.73 1594.60 1594.60 1594.60 1594.60 1628.43 1736.16 1749.20 1749.20 1749.20 1783.03 1816.86 1903.80 1903.80 1903.80 1937.63 1971.46 2005.29 2058.40 2058.40 2058.40 2005.29 1971.46 1937.63 1903.80 1903.80 1903.80 1816.86 1783.03 1749.20 1749.20 1749.20 1749.20 1736.16 1628.43 1594.60 1594.60 1594.60 1594.60 1547.73 1440.00 1440.00 1440.00 1440.00 1440.00 1440.00 1440.00 1440.00 1440.00 1440.00 1440.00 1440.00 1440.00 1440.00 1440.00 1440.00 1440.00 1440.00 1440.00 1440.00 1440.00 1440.00 1440.00 1440.00 1440.00 1440.00 1440.00 1440.00 1440.00 1440.00 1440.00 1440.00
 1440.00 1440.00 1440.00 1440.00 1440.00 1440.00 1440.00 1440.00 1440.00 1440.00 1440.00 1440.00 1440.00 1440.00 1440.00 1440.00 1440.00 1440.00 1547.73 1594.60 1594.60 1594.60 1594.60 1628.43 1736.16 1749.20 1749.20 1749.20 1783.03 1816.86 1903.80 1903.80 1903.80 1937.63 1971.46 2005.29 2058.40 2058.40 2058.40 2005.29 1971.46 1937.63 1903.80 1903.80 1903.80 1816.86 1783.03 1749.20 1749.20 1749.20 1736.16 1628.43 1594.60 1594.60 1594.60 1594.60 1594.60 1547.73 1440.00 1440.00 1440.00 1440.00 1440.00 1440.00 1440.00 1440.00 1440.00 1440.00 1440.00 1440.00 1440.00 1440.00 1440.00 1440.00 1440.00 1440.00 1440.00 1440.00 1440.00 1440.00 1440.00 1440.00 1440.00 1440.00 1440.00 1440.00 1440.00 1440.00 1440.00 1440.00 1440.00 1440.00 1440.00 1440.00 1440.00
 1440.00 1440.00 1440.00 1440.00 1440.00 1440.00 1440.00 1440.00 1440.00 1440.00 1440.00 1440.00 1440.00 1440.00 1547.73 1594.60 1594.60 1594.60 1628.43 1736.16 1749.20 1749.20 1749.20 1783.03 1816.86 1903.80 1903.80 1903.80 1937.63 1971.46 2005.29 2058.40 2058.40 2005.29 1971.46 1937.63 1903.80 1903.80 1903.80 1903.80 1816.86 1783.03 1749.20 1749.20 1749.20 1736.16 1628.43 1594.60 1594.60 1594.60 1594.60 1547.73 1440.00 1440.00 1440.00 1440.00 1440.00 1440.00 1440.00 1440.00 1440.00 1440.00 1440.00 1440.00 1440.00 1440.00 1440.00 1440.00 1440.00 1440.00 1440.00 1440.00 1440.00 1440.00 1440.00 1440.00 1440.00 1440.00 1440.00 1440.00 1440.00 1440.00 1440.00 1440.00 1440.00 1440.00 1440.00 1440.00 1440.00 1440.00 1440.00 1440.00 1440.00 1440.00 1440.00
 1440.00 1440.00 1440.00 1440.00 1440.00 1440.00 1440.00 1440.00 1440.00 1547.73 1594.60 1594.60 1594.60 1594.60 1628.43 1736.16 1749.20 1749.20 1783.03 1816.86 1903.80 1903.80 1903.80 1937.63 1971.46 2005.29 2058.40 2058.40 2005.29 1971.46 1937.63 1903.80 1903.80 1903.80 1816.86 1783.03 1749.20 1749.20 1749.20 1749.20 1736.16 1628.43 1594.60 1594.60 1594.60 1594.60 1547.73 1440.00 1440.00 1440.00 1440.00 1440.00 1440.00 1440.00 1440.00 1440.00 1440.00 1440.00 1440.00 1440.00 1440.00 1440.00 1440.00 1440.00 1440.00 1440.00 1440.00 1440.00 1440.00 1440.00 1440.00 1440.00 1440.00 1440.00 1440.00 1440.00 1440.00 1440.00 1440.00 1440.00 1440.00 1440.00 1440.00 1440.00 1440.00 1440.00 1440.00 1440.00 1440.00 1440.00 1440.00 1440.00 1440.00 1440.00 1440.00
 1440.00 1440.00 1440.00 1440.00 1547.73 1594.60 1594.60 1594.60 1594.60 1628.43 1736.16 1749.20 1749.20 1749.20 1783.03 1816.86 1903.80 1903.80 1937.63 1971.46 2005.29 2058.40 2058.40 2005.29 1971.46 1937.63 1903.80 1903.80 1903.80 1816.86 1783.03 1749.20 1749.20 1749.20 1736.16 1628.43 1594.60 1594.60 1594.60 1594.60 1594.60 1547.73 1440.00 1440.00 1440.00 1440.00 1440.00 1440.00 1440.00 1440.00 1440.00 1440.00 1440.00 1440.00 1440.00 1440.00 1440.00 1440.00 1440.00 1440.00 1440.00 1440.00 1440.00 1440.00 1440.00 1440.00 1440.00 1440.00 1440.00 1440.00 1440.00 1440.00 1440.00 1440.00 1440.00 1440.00 1440.00 1440.00 1440.00 1440.00 1440.00 1440.00 1440.00 1440.00 1440.00 1440.00 1440.00 1440.00 1440.00 1440.00 1440.00 1440.00 1440.00 1440.00 1547.73
 1594.60 1594.60 1594.60 1594.60 1628.43 1736.16 1749.20 1749.20 1749.20 1783.03 1816.86 1903.80 1903.80 1903.80 1937.63 1971.46 2005.29 2058.40 2005.29 1971.46 1937.63 1903.80 1903.80 1903.80 1816.86 1783.03 1749.20 1749.20 1749.20 1736.16 1628.43 1594.60 1594.60 1594.60 1594.60 1547.73 1440.00 1440.00 1440.00 1440.00 1440.00 1440.00 1440.00 1440.00 1440.00 1440.00 1440.00 1440.00 1440.00 1440.00 1440.00 1440.00 1440.00 1440.00 1440.00 1440.00 1440.00 1440.00 1440.00 1440.00 1440.00 1440.00 1440.00 1440.00 1440.00 1440.00 1440.00 1440.00 1440.00 1440.00 1440.00 1440.00 1440.00 1440.00 1440.00 1440.00 1440.00 1440.00 1440.00 1440.00 1440.00 1440.00 1440.00 1440.00 1440.00 1440.00 1440.00 1440.00 1440.00 1547.73 1594.60 1594.60 1594.60 1594.60 1628.43
 1749.20 1749.20 1749.20 1749.20 1783.03 1816.86 1903.80 1903.80 1903.80 1937.63 1971.46 2005.29 2058.40 2005.29 1971.46 1937.63 1903.80 1903.80 1903.80 1816.86 1783.03 1749.20 1749.20 1749.20 1736.16 1628.43 1594.60 1594.60 1594.60 1594.60 1547.73 1440.00 1440.00 1440.00 1440.00 1440.00 1440.00 1440.00 1440.00 1440.00 1440.00 1440.00 1440.00 1440.00 1440.00 1440.00 1440.00 1440.00 1440.00 1440.00 1440.00 1440.00 1440.00 1440.00 1440.00 1440.00 1440.00 1440.00 1440.00 1440.00 1440.00 1440.00 1440.00 1440.00 1440.00 1440.00 1440.00 1440.00 1440.00 1440.00 1440.00 1440.00 1440.00 1440.00 1440.00 1440.00 1440.00 1440.00 1440.00 1440.00 1440.00 1440.00 1440.00 1440.00 1547.73 1594.60 1594.60 1594.60 1594.60 1628.43 1736.16 1749.20 1749.20 1749.20 1783.03
 1903.80 1903.80 1903.80 1903.80 1937.63 1971.46 2005.29 2058.40 2005.29 1971.46 1937.63 1903.80 1903.80 1903.80 1816.86 1783.03 1749.20 1749.20 1749.20 1736.16 1628.43 1594.60 1594.60 1594.60 1594.60 1547.73 1440.00 1440.00 1440.00 1440.00 1440.00 1440.00 1440.00 1440.00 1440.00 1440.00 1440.00 1440.00 1440.00 1440.00 1440.00 1440.00 1440.00 1440.00 1440.00 1440.00 1440.00 1440.00 1440.00 1440.00 1440.00 1440.00 1440.00 1440.00 1440.00 1440.00 1440.00 1440.00 1440.00 1440.00 1440.00 1440.00 1440.00 1440.00 1440.00 1440.00 1440.00 1440.00 1440.00 1440.00 1440.00 1440.00 1440.00 1440.00 1440.00 1440.00 1440.00 1440.00 1547.73 1594.60 1594.60 1594.60 1594.60 1594.60 1628.43 1736.16 1749.20 1749.20 1749.20 1783.03 1816.86 1903.80 1903.80 1903.80 1937.63
 2058.40 2058.40 2058.40 2005.29 1971.46 1937.63 1903.80 1903.80 1903.80 1816.86 1783.03 1749.20 1749.20 1749.20 1736.16 1628.43 1594.60 1594.60 1594.60 1594.60 1547.73 1440.00 1440.00 1440.00 1440.00 1440.00 1440.00 1440.00 1440.00 1440.00 1440.00 1440.00 1440.00 1440.00 1440.00 1440.00 1440.00 1440.00 1440.00 1440.00 1440.00 1440.00 1440.00 1440.00 1440.00 1440.00 1440.00 1440.00 1440.00 1440.00 1440.00 1440.00 1440.00 1440.00 1440.00 1440.00 1440.00 1440.00 1440.00 1440.00 1440.00 1440.00 1440.00 1440.00 1440.00 1440.00 1440.00 1440.00 1440.00 1440.00 1440.00 1440.00 1440.00 1547.73 1594.60 1594.60 1594.60 1594.60 1628.43 1736.16 1749.20 1749.20 1749.20 1749.20 1783.03 1816.86 1903.80 1903.80 1903.80 1937.63 1971.46 2005.29 2058.40 2058.40 2058.40
 1903.80 1903.80 1903.80 1903.80 1816.86 1783.03 1749.20 1749.20 1749.20 1736.16 1628.43 1594.60 1594.60 1594.60 1594.60 1547.73 1440.00 1440.00 1440.00 1440.00 1440.00 1440.00 1440.00 1440.00 1440.00 1440.00 1440.00 1440.00 1440.00 1440.00 1440.00 1440.00 1440.00 1440.00 1440.00 1440.00 1440.00 1440.00 1440.00 1440.00 1440.00 1440.00 1440.00 1440.00 1440.00 1440.00 1440.00 1440.00 1440.00 1440.00 1440.00 1440.00 1440.00 1440.00 1440.00 1440.00 1440.00 1440.00 1440.00 1440.00 1440.00 1440.00 1440.00 1440.00 1440.00 1440.00 1440.00 1440.00 1547.73 1594.60 1594.60 1594.60 1594.60 1628.43 1736.16 1749.20 1749.20 1749.20 1783.03 1816.86 1903.80 1903.80 1903.80 1903.80 1937.63 1971.46 2005.29 2005.29 1971.46 1937.63 1903.80 1903.80 1903.80 1903.80 1903.80
 1749.20 1749.20 1749.20 1749.20 1736.16 1628.43 1594.60 1594.60 1594.60 1594.60 1547.73 1440.00 1440.00 1440.00 1440.00 1440.00 1440.00 1440.00 1440.00 1440.00 1440.00 1440.00 1440.00 1440.00 1440.00 1440.00 1440.00 1440.00 1440.00 1440.00 1440.00 1440.00 1440.00 1440.00 1440.00 1440.00 1440.00 1440.00 1440.00 1440.00 1440.00 1440.00 1440.00 1440.00 1440.00 1440.00 1440.00 1440.00 1440.00 1440.00 1440.00 1440.00 1440.00 1440.00 1440.00 1440.00 1440.00 1440.00 1440.00 1440.00 1440.00 1440.00 1440.00 1547.73 1594.60 1594.60 1594.60 1594.60 1628.43 1736.16 1749.20 1749.20 1749.20 1783.03 1816.86 1903.80 1903.80 1903.80 1937.63 1971.46 2005.29 2058.40 2005.29 1971.46 1937.63 1903.80 1903.80 1903.80 1816.86 1783.03 1749.20 1749.20 1749.20 1749.20 1749.20
 1594.60 1594.60 1594.60 1594.60 1594.60 1547.73 1440.00 1440.00 1440.00 1440.00 1440.00 1440.00 1440.00 1440.00 1440.00 1440.00 1440.00 1440.00 1440.00 1440.00 1440.00 1440.00 1440.00 1440.00 1440.00 1440.00 1440.00 1440.00 1440.00 1440.00 1440.00 1440.00 1440.00 1440.00 1440.00 1440.00 1440.00 1440.00 1440.00 1440.00 1440.00 1440.00 1440.00 1440.00 1440.00 1440.00 1440.00 1440.00 1440.00 1440.00 1440.00 1440.00 1440.00 1440.00 1440.00 1440.00 1440.00 1440.00 1547.73 1594.60 1594.60 1594.60 1594.60 1628.43 1736.16 1749.20 1749.20 1749.20 1783.03 1816.86 1903.80 1903.80 1903.80 1937.63 1971.46 2005.29 2058.40 2005.29 1971.46 1937.63 1903.80 1903.80 1903.80 1816.86 1783.03 1749.20 1749.20 1749.20 1736.16 1628.43 1594.60 1594.60 1594.60 1594.60 1594.60
 1440.00 1440.00 1440.00 1440.00 1440.00 1440.00 1440.00 1440.00 1440.00 1440.00 1440.00 1440.00 1440.00 1440.00 1440.00 1440.00 1440.00 1440.00 1440.00 1440.00 1440.00 1440.00 1440.00 1440.00 1440.00 1440.00 1440.00 1440.00 1440.00 1440.00 1440.00 1440.00 1440.00 1440.00 1440.00 1440.00 1440.00 1440.00 1440.00 1440.00 1440.00 1440.00 1440.00 1440.00 1440.00 1440.00 1440.00 1440.00 1440.00 1440.00 1440.00 1440.00 1440.00 1547.73 1594.60 1594.60 1594.60 1594.60 1628.43 1736.16 1749.20 1749.20 1749.20 1783.03 1816.86 1903.80 1903.80 1903.80 1937.63 1971.46 2005.29 2005.29 1971.46 1937.63 1903.80 1903.80 1903.80 1903.80 1816.86 1783.03 1749.20 1749.20 1749.20 1736.16 1628.43 1594.60 1594.60 1594.60 1594.60 1547.73 1440.00 1440.00 1440.00 1440.00 1440.00
 1440.00 1440.00 1440.00 1440.00 1440.00 1440.00 1440.00 1440.00 1440.00 1440.00 1440.00 1440.00 1440.00 1440.00 1440.00 1440.00 1440.00 1440.00 1440.00 1440.00 1440.00 1440.00 1440.00 1440.00 1440.00 1440.00 1440.00 1440.00 1440.00 1440.00 1440.00 1440.00 1440.00 1440.00 1440.00 1440.00 1440.00 1440.00 1440.00 1440.00 1440.00 1440.00 1440.00 1440.00 1440.00 1440.00 1440.00 1440.00 1547.73 1594.60 1594.60 1594.60 1594.60 1628.43 1736.16 1749.20 1749.20 1749.20 1783.03 1816.86 1903.80 1903.80 1903.80 1937.63 1971.46 2005.29 2005.29 1971.46 1937.63 1903.80 1903.80 1903.80 1816.86 1783.03 1749.20 1749.20 1749.20 1749.20 1736.16 1628.43 1594.60 1594.60 1594.60 1594.60 1547.73 1440.00 1440.00 1440.00 1440.00 1440.00 1440.00 1440.00 1440.00 1440.00 1440.00
 1440.00 1440.00 1440.00 1440.00 1440.00 1440.00 1440.00 1440.00 1440.00 1440.00 1440.00 1440.00 1440.00 1440.00 1440.00 1440.00 1440.00 1440.00 1440.00 1440.00 1440.00 1440.00 1440.00 1440.00 1440.00 1440.00 1440.00 1440.00 1440.00 1440.00 1440.00 1440.00 1440.00 1440.00 1440.00 1440.00 1440.00 1440.00 1440.00 1440.00 1440.00 1440.00 1547.73 1594.60 1594.60 1594.60 1594.60 1594.60 1628.43 1736.16 1749.20 1749.20 1749.20 1783.03 1816.86 1903.80 1903.80 1903.80 1937.63 1971.46 2005.29 1971.46 1937.63 1903.80 1903.80 1903.80 1903.80 1816.86 1783.03 1749.20 1749.20 1749.20 1736.16 1628.43 1594.60 1594.60 1594.60 1594.60 1594.60 1547.73 1440.00 1440.00 1440.00 1440.00 1440.00 1440.00 1440.00 1440.00 1440.00 1440.00 1440.00 1440.00 1440.00 1440.00 1440.00
 1440.00 1440.00 1440.00 1440.00 1440.00 1440.00 1440.00 1440.00 1440.00 1440.00 1440.00 1440.00 1440.00 1440.00 1440.00 1440.00 1440.00 1440.00 1440.00 1440.00 1440.00 1440.00 1440.00 1440.00 1440.00 1440.00 1440.00 1440.00 1440.00 1440.00 1440.00 1440.00 1440.00 1440.00 1440.00 1440.00 1440.00 1547.73 1594.60 1594.60 1594.60 1594.60 1628.43 1736.16 1749.20 1749.20 1749.20 1749.20 1783.03 1816.86 1903.80 1903.80 1903.80 1937.63 1971.46 2005.29 1971.46 1937.63 1903.80 1903.80 1903.80 1816.86 1783.03 1749.20 1749.20 1749.20 1749.20 1736.16 1628.43 1594.60 1594.60 1594.60 1594.60 1547.73 1440.00 1440.00 1440.00 1440.00 1440.00 1440.00 1440.00 1440.00 1440.00 1440.00 1440.00 1440.00 1440.00 1440.00 1440.00 1440.00 1440.00 1440.00 1440.00 1440.00 1440.00
 1440.00 1440.00 1440.00 1440.00 1440.00 1440.00 1440.00 1440.00 1440.00 1440.00 1440.00 1440.00 1440.00 1440.00 1440.00 1440.00 1440.00 1440.00 1440.00 1440.00 1440.00 1440.00 1440.00 1440.00 1440.00 1440.00 1440.00 1440.00 1440.00 1440.00 1440.00 1547.73 1594.60 1594.60 1594.60 1594.60 1594.60 1628.43 1736.16 1749.20 1749.20 1749.20 1783.03 1816.86 1903.80 1903.80 1903.80 1903.80 1937.63 1971.46 1971.46 1937.63 1903.80 1903.80 1903.80 1903.80 1816.86 1783.03 1749.20 1749.20 1749.20 1736.16 1628.43 1594.60 1594.60 1594.60 1594.60 1594.60 1547.73 1440.00 1440.00 1440.00 1440.00 1440.00 1440.00 1440.00 1440.00 1440.00 1440.00 1440.00 1440.00 1440.00 1440.00 1440.00 1440.00 1440.00 1440.00 1440.00 1440.00 1440.00 1440.00 1440.00 1440.00 1440.00 1440.00
 1440.00 1440.00 1440.00 1440.00 1440.00 1440.00 1440.00 1440.00 1440.00 1440.00 1440.00 1440.00 1440.00 1440.00 1440.00 1440.00 1440.00 1440.00 1440.00 1440.00 1440.00 1440.00 1440.00 1440.00 1440.00 1440.00 1547.73 1594.60 1594.60 1594.60 1594.60 1628.43 1736.16 1749.20 1749.20 1749.20 1749.20 1783.03 1816.86 1903.80 1903.80 1903.80 1937.63 1971.46 2005.29 1971.46 1937.63 1903.80 1903.80 1903.80 1816.86 1783.03 1749.20 1749.20 1749.20 1749.20 1736.16 1628.43 1594.60 1594.60 1594.60 1594.60 1547.73 1440.00 1440.00 1440.00 1440.00 1440.00 1440.00 1440.00 1440.00 1440.00 1440.00 1440.00 1440.00 1440.00 1440.00 1440.00 1440.00 1440.00 1440.00 1440.00 1440.00 1440.00 1440.00 1440.00 1440.00 1440.00 1440.00 1440.00 1440.00 1440.00 1440.00 1440.00 1440.00
 1440.00 1440.00 1440.00 1440.00 1440.00 1440.00 1440.00 1440.00 1440.00 1440.00 1440.00 1440.00 1440.00 1440.00 1440.00 1440.00 1440.00 1440.00 1440.00 1440.00 1547.73 1594.60 1594.60 1594.60 1594.60 1594.60 1628.43 1736.16 1749.20 1749.20 1749.20 1783.03 1816.86 1903.80 1903.80 1903.80 1903.80 1937.63 1971.46 1971.46 1937.63 1903.80 1903.80 1903.80 1903.80 1816.86 1783.03 1749.20 1749.20 1749.20 1736.16 1628.43 1594.60 1594.60 1594.60 1594.60 1594.60 1547.73 1440.00 1440.00 1440.00 1440.00 1440.00 1440.00 1440.00 1440.00 1440.00 1440.00 1440.00 1440.00 1440.00 1440.00 1440.00 1440.00 1440.00 1440.00 1440.00 1440.00 1440.00 1440.00 1440.00 1440.00 1440.00 1440.00 1440.00 1440.00 1440.00 1440.00 1440.00 1440.00 1440.00 1440.00 1440.00 1440.00 1440.00
 1440.00 1440.00 1440.00 1440.00 1440.00 1440.00 1440.00 1440.00 1440.00 1440.00 1440.00 1440.00 1440.00 1440.00 1440.00 1547.73 1594.60 1594.60 1594.60 1594.60 1628.43 1736.16 1749.20 1749.20 1749.20 1749.20 1783.03 1816.86 1903.80 1903.80 1903.80 1937.63 1971.46 2005.29 1971.46 1937.63 1903.80 1903.80 1903.80 1816.86 1783.03 1749.20 1749.20 1749.20 1749.20 1736.16 1628.43 1594.60 1594.60 1594.60 1594.60 1547.73 1440.00 1440.00 1440.00 1440.00 1440.00 1440.00 1440.00 1440.00 1440.00 1440.00 1440.00 1440.00 1440.00 1440.00 1440.00 1440.00 1440.00 1440.00 1440.00 1440.00 1440.00 1440.00 1440.00 1440.00 1440.00 1440.00 1440.00 1440.00 1440.00 1440.00 1440.00 1440.00 1440.00 1440.00 1440.00 1440.00 1440.00 1440.00 1440.00 1440.00 1440.00 1440.00 1440.00
 1440.00 1440.00 1440.00 1440.00 1440.00 1440.00 1440.00 1440.00 1440.00 1547.73 1594.60 1594.60 1594.60 1594.60 1594.60 1628.43 1736.16 1749.20 1749.20 1749.20 1783.03 1816.86 1903.80 1903.80 1903.80 1903.80 1937.63 1971.46 1971.46 1937.63 1903.80 1903.80 1903.80 1903.80 1816.86 1783.03 1749.20 1749.20 1749.20 1736.16 1628.43 1594.60 1594.60 1594.60 1594.60 1594.60 1547.73 1440.00 1440.00 1440.00 1440.00 1440.00 1440.00 1440.00 1440.00 1440.00 1440.00 1440.00 1440.00 1440.00 1440.00 1440.00 1440.00 1440.00 1440.00 1440.00 1440.00 1440.00 1440.00 1440.00 1440.00 1440.00 1440.00 1440.00 1440.00 1440.00 1440.00 1440.00 1440.00 1440.00 1440.00 1440.00 1440.00 1440.00 1440.00 1440.00 1440.00 1440.00 1440.00 1440.00 1440.00 1440.00 1440.00 1440.00 1440.00
 1440.00 1440.00 1440.00 1547.73 1594.60 1594.60 1594.60 1594.60 1594.60 1628.43 1736.16 1749.20 1749.20 1749.20 1749.20 1783.03 1816.86 1903.80 1903.80 1903.80 1937.63 1971.46 1971.46 1937.63 1903.80 1903.80 1903.80 1903.80 1816.86 1783.03 1749.20 1749.20 1749.20 1749.20 1736.16 1628.43 1594.60 1594.60 1594.60 1594.60 1547.73 1440.00 1440.00 1440.00 1440.00 1440.00 1440.00 1440.00 1440.00 1440.00 1440.00 1440.00 1440.00 1440.00 1440.00 1440.00 1440.00 1440.00 1440.00 1440.00 1440.00 1440.00 1440.00 1440.00 1440.00 1440.00 1440.00 1440.00 1440.00 1440.00 1440.00 1440.00 1440.00 1440.00 1440.00 1440.00 1440.00 1440.00 1440.00 1440.00 1440.00 1440.00 1440.00 1440.00 1440.00 1440.00 1440.00 1440.00 1440.00 1440.00 1440.00 1440.00 1440.00 1547.73 1594.60
 1594.60 1594.60 1594.60 1628.43 1736.16 1749.20 1749.20 1749.20 1749.20 1783.03 1816.86 1903.80 1903.80 1903.80 1903.80 1937.63 1971.46 1971.46 1937.63 1903.80 1903.80 1903.80 1816.86 1783.03 1749.20 1749.20 1749.20 1749.20 1736.16 1628.43 1594.60 1594.60 1594.60 1594.60 1594.60 1547.73 1440.00 1440.00 1440.00 1440.00 1440.00 1440.00 1440.00 1440.00 1440.00 1440.00 1440.00 1440.00 1440.00 1440.00 1440.00 1440.00 1440.00 1440.00 1440.00 1440.00 1440.00 1440.00 1440.00 1440.00 1440.00 1440.00 1440.00 1440.00 1440.00 1440.00 1440.00 1440.00 1440.00 1440.00 1440.00 1440.00 1440.00 1440.00 1440.00 1440.00 1440.00 1440.00 1440.00 1440.00 1440.00 1440.00 1440.00 1440.00 1440.00 1440.00 1440.00 1547.73 1594.60 1594.60 1594.60 1594.60 1594.60 1628.43 1736.16
 1749.20 1749.20 1749.20 1783.03 1816.86 1903.80 1903.80 1903.80 1903.80 1937.63 1971.46 1971.46 1937.63 1903.80 1903.80 1903.80 1903.80 1816.86 1783.03 1749.20 1749.20 1749.20 1736.16 1628.43 1594.60 1594.60 1594.60 1594.60 1594.60 1547.73 1440.00 1440.00 1440.00 1440.00 1440.00 1440.00 1440.00 1440.00 1440.00 1440.00 1440.00 1440.00 1440.00 1440.00 1440.00 1440.00 1440.00 1440.00 1440.00 1440.00 1440.00 1440.00 1440.00 1440.00 1440.00 1440.00 1440.00 1440.00 1440.00 1440.00 1440.00 1440.00 1440.00 1440.00 1440.00 1440.00 1440.00 1440.00 1440.00 1440.00 1440.00 1440.00 1440.00 1440.00 1440.00 1440.00 1440.00 1440.00 1440.00 1440.00 1440.00 1440.00 1547.73 1594.60 1594.60 1594.60 1594.60 1628.43 1736.16 1749.20 1749.20 1749.20 1749.20 1783.03 1816.86
 1903.80 1903.80 1903.80 1937.63 1971.46 2005.29 2058.40 2058.40 2058.40 2032.32 1924.59 1816.86 1783.03 1749.20 1749.20 1749.20 1749.20 1736.16 1628.43 1594.60 1594.60 1594.60 1594.60 1547.73 1440.00 1440.00 1440.00 1440.00 1440.00 1440.00 1440.00 1440.00 1440.00 1440.00 1440.00 1440.00 1440.00 1440.00 1440.00 1440.00 1440.00 1440.00 1440.00 1440.00 1440.00 1440.00 1440.00 1440.00 1440.00 1440.00 1440.00 1440.00 1440.00 1440.00 1440.00 1440.00 1440.00 1440.00 1440.00 1440.00 1440.00 1440.00 1440.00 1440.00 1440.00 1440.00 1440.00 1440.00 1440.00 1440.00 1440.00 1440.00 1440.00 1440.00 1440.00 1440.00 1440.00 1547.73 1594.60 1594.60 1594.60 1594.60 1628.43 1736.16 1749.20 1749.20 1749.20 1783.03 1816.86 1903.80 1903.80 1903.80 1903.80 1937.63 1971.46
 2058.40 2058.40 2058.40 2092.23 2126.06 2159.89 2193.72 2167.06 2059.34 1951.61 1843.88 1736.16 1628.43 1594.60 1594.60 1594.60 1594.60 1594.60 1547.73 1440.00 1440.00 1440.00 1440.00 1440.00 1440.00 1440.00 1440.00 1440.00 1440.00 1440.00 1440.00 1440.00 1440.00 1440.00 1440.00 1440.00 1440.00 1440.00 1440.00 1440.00 1440.00 1440.00 1440.00 1440.00 1440.00 1440.00 1440.00 1440.00 1440.00 1440.00 1440.00 1440.00 1440.00 1440.00 1440.00 1440.00 1440.00 1440.00 1440.00 1440.00 1440.00 1440.00 1440.00 1440.00 1440.00 1440.00 1440.00 1440.00 1440.00 1440.00 1440.00 1547.73 1594.60 1594.60 1594.60 1594.60 1594.60 1628.43 1736.16 1749.20 1749.20 1749.20 1783.03 1816.86 1903.80 1903.80 1903.80 1937.63 1971.46 2005.29 2058.40 2058.40 2058.40 2092.23 2126.06
 2213.00 2213.00 2213.00 2246.83 2280.66 2301.81 2194.09 2086.36 1978.63 1870.91 1763.18 1655.45 1547.73 1440.00 1440.00 1440.00 1440.00 1440.00 1440.00 1440.00 1440.00 1440.00 1440.00 1440.00 1440.00 1440.00 1440.00 1440.00 1440.00 1440.00 1440.00 1440.00 1440.00 1440.00 1440.00 1440.00 1440.00 1440.00 1440.00 1440.00 1440.00 1440.00 1440.00 1440.00 1440.00 1440.00 1440.00 1440.00 1440.00 1440.00 1440.00 1440.00 1440.00 1440.00 1440.00 1440.00 1440.00 1440.00 1440.00 1440.00 1440.00 1440.00 1440.00 1440.00 1440.00 1440.00 1547.73 1594.60 1594.60 1594.60 1594.60 1628.43 1736.16 1749.20 1749.20 1749.20 1749.20 1783.03 1816.86 1903.80 1903.80 1903.80 1937.63 1971.46 2005.29 2058.40 2058.40 2092.23 2126.06 2159.89 2193.72 2213.00 2213.00 2246.83 2280.66
